1,0.579164640734454,0.382474579730833,0.0290745727184177,0.0469585220543276,0.342865228489559,0.286802817503571,0.100373566689408,0.171682169072193,0.202893622057446,0.0331188978673029,0.351769253697323,-0.00924121409882037,0.0675753206595045,0.00911819977706803,0.0075854713271241,0.0120076474671141,-0.00508809502519841,0.0720034064183057,0.0166960817034611,-0.00327655620984424,0.0647354696109666,0.0387178533315547,0.0353857548612926,0.113060742389912,0.356443625755192,0.233657505991852,-0.0054232553841038,-0.00476438282165622,0.0242401707652955,-0.00211004107345781,0.226483596947571,0.00673648696660229,0.0016335450629663,0.268044736477192,0.0249613669030694,0.396930946387964,0.409459885373462,0.293008465814698,0.378447040097467,0.3696704492228,0.0461463086885723,0.0824063812569631,0.0165713782741379,0.00366619457281666,0.012172955698079,-0.00744116798261798,0.0113290308628499,0.145218406047869,0.0292284868561109,0.252824183071368,0.0997657005990687,0.430349589833868,0.415113272762481,0.115656896846058,-0.009940301228782,0.000239012308932136,-0.00340464633375257,0.351856358916974,0.340591456551106,0.0836207211343143,0.00706999509790213,0.040042572215667,0.052688699129404,0.0417075745655055,0.0283847841698603,0.0542412955454814,0.322955010992514,0.0119473682522605,0.00674555742546152,-3.51464692919208e-05,0.00376747284973904,0.0920559822074735,0.104667574550818,-0.00324697901324465,0.125968967050518,0.00420956519679562,0.267063099109085,0.141986829466068,0.400607598624072,0.31939912284577,0.0763021936661228,0.129123450336161,0.121263996914734,0,0.577445722160162,0.0208035814551024,0.0721607309929986,0.390348502876134,0.479547030228566,0.288136526111461,0.0632424550148389,0.477500407242346,0.482035356315511,0.244683473715284,0.208817085844612,0.158160678554397,0.00528831632901906,0.425667248688898,0.0623198195512008,0.00350372829596557,0.412228033975758,0.126759524044403,-0.00560887929741469,0.102947536297052,0.295195022769644,0.0509529612011683,0.507484893902233,0.135906471856457,0.0204594091334866
0.579164640734454,1,0.76844896553942,0.111836986646848,0.128115814059551,0.638291643653729,0.547171717139794,0.571398587815917,0.0797973320548413,0.479317301210856,0.177876021347426,0.18194043368212,0.0014654597152244,0.366542500092306,0.23615634982292,0.230749544000788,0.330552161211019,0.0627385816084878,0.335104358231493,0.0221432812774815,0.0195095578216663,0.432531478872722,0.202842211044129,0.044353425883384,0.384037026065189,0.33346833993441,0.588791829709127,0.0672726017490448,-0.00585384485578429,0.127731307235987,0.166527935003852,0.264017973176404,0.230195250865777,0.18507064127383,0.175661213450995,0.220196440003188,0.387343209032564,0.556893714554596,0.265475563848237,0.575461834352029,0.19937663365816,0.0461973524163097,0.547007773616232,0.135373863207969,0.0445707298334023,0.191762222252115,0.0507285127862742,0.0206251958257389,0.302568328367055,0.175536825281503,0.216634115567463,0.367264340042225,0.459709166322997,0.477948314915059,0.196181276617077,-0.00118439344693619,0.000171352564045102,-0.0106831269910353,0.154331465183515,0.153245230970418,0.0548960653145298,-0.00348722769163107,0.00806605853058838,0.000125739082055396,0.195607444638716,0.00588841219786955,0.43197263525537,0.261653934058114,0.0548191411638476,0.109804165363488,0.0464203321970402,0.0186669229509349,0.165596536483769,0.138949932364559,0.0383187519914061,0.198395595917591,0.000866033115540409,0.174338028603028,0.0411063724466802,0.47263465045751,0.381696977952687,0.120210873114312,0.287090474472088,0.23156611836326,0,0.249039512393258,0.0467353560617098,0.0356934814512049,0.558359384484196,0.586699112338111,0.357567228262424,0.0690392162302316,0.514345212396406,0.487692080222893,0.218223844842706,0.228226823942434,0.234524874343794,0.120356074812541,0.569153189849284,0.149394289926819,0.0111212874910919,0.620266295941428,0.301070136771263,0.0124884931956811,0.493481386959293,0.656296165242791,0.122844126623983,0.411747414306525,0.257239486814969,0.0638262580262544
0.382474579730833,0.76844896553942,1,0.220000516095021,0.31681510165486,0.618464224387558,0.441423495648822,0.509446929394509,0.019691406362783,0.401388608950185,0.190345355351609,0.102219336103409,0.0234933621020206,0.351264712002211,0.395478332046211,0.302399878068286,0.376200521246933,0.138046346377101,0.330471540661242,0.0193656125915239,0.0193052400614043,0.41996386127347,0.208717054610047,0.205130377097569,0.519093620819618,0.250553162680416,0.687902470717587,0.085156066563769,-0.00690476713479754,0.214980236454313,0.182082316051307,0.216074959787067,0.382293337598922,0.224939765416141,0.137299708498112,0.242318958479714,0.308645389557403,0.455563176859206,0.203770714723831,0.489094725474206,0.150171294918134,0.0324039920038849,0.522216224713484,0.246980506294601,0.126506447036298,0.320028280057176,0.155591207655249,0.0790227238609967,0.249912070178402,0.228953175493634,0.216691060357069,0.534333051287091,0.424469916407792,0.354675850612119,0.188021835005447,0.0214351851860838,0.0103736441937983,-0.0126010350396766,0.100804698579791,0.101252518926289,0.0352274921659194,0.00170433132887952,0.00166126886476651,0.0227073878793939,0.182353755473542,0.0240639300732939,0.574017888684965,0.182846603976088,0.114932874036665,0.199933799968311,0.0765813808947092,0.0348051973814687,0.198859364079701,0.199968138004433,0.179763041656356,0.249312758979323,0.0308051633562563,0.196602978011235,0.0256881514089668,0.483760650813402,0.544485275084639,0.225676747003775,0.414362091586115,0.368625081343338,0,0.0908065884682746,0.0471573784911181,0.0445227447949848,0.53061347725279,0.481361462293485,0.41541438244498,0.142334945584576,0.414559253314102,0.363435489441471,0.237566622549438,0.24817255489816,0.270183591190323,0.270497558342543,0.529400117513624,0.126858175764454,0.00586754582489201,0.479310846572935,0.262416092031281,0.201584173533796,0.475347744944493,0.557141159163899,0.0894613879228163,0.304721650489276,0.3181749496975,0.071953417545041
0.0290745727184177,0.111836986646848,0.220000516095021,1,0.657146214529895,0.250501313379367,0.0448916936157,0.168851303757343,-0.00798865583736191,0.0159294851018806,0.158793301257063,0.230450651534947,0.414909993612475,0.0872206379831255,0.375878765242412,0.142334130834437,0.0992157905864773,0.309767673798484,0.0219092867415525,0.0432068193943809,0.0341314007000994,0.103573363889643,0.00352729979462459,0.632101127482006,0.173785463440341,0.024594077879351,0.301894941337305,0.0160633098108395,-0.0112187538879196,0.106763757065469,0.0206199757372168,0.0920971204496932,0.259727209803212,0.0327913551846723,-0.0135488388605485,0.109536714302025,0.0851244792149131,0.0744547988654274,0.0585157062425712,0.0829979358214196,-0.000564346887270981,0.0182018801466335,0.162886434741341,0.830238258927711,0.53455426205099,0.484482440276749,0.721153369507741,0.781542502950362,0.113073618751113,0.321077562643036,0.210262065836807,0.551573941678933,0.263828722855471,0.116482732280358,0.217543515074854,0.653674314468854,0.210980716437801,-0.0175752541639283,0.00129126611323694,0.0047278665493015,0.0671374491276439,0.410530554750239,0.035085106588309,0.00942624578662996,0.229656453750961,-0.000311421224617958,0.1034882845089,-0.00462103200320999,0.259579242824914,0.216008878475652,0.2554245579092,0.553133523956364,0.332493083820899,0.294537166179925,0.526893161990382,0.268810955061805,0.562073930557218,0.552918366883255,0.0294545998334909,0.355467192594275,0.459061706047767,0.461585515320498,0.49387415376568,0.431986437469505,0,0.015226636135105,0.0167185301541762,0.099375263888531,0.290619510661333,0.152960839377023,0.548647614235408,0.494665658302222,0.0353246433496262,0.0353033602664108,0.410432120371159,0.381791729853816,0.432156784969789,0.737024566788411,0.262605463524913,0.0516761981775672,0.0155535664446422,0.116463026723546,0.151397073609698,0.463614038442351,0.120856775851876,0.0795792751306342,-0.0114339892253517,0.0306642340121252,0.0311224593065489,0.0864057742783227
0.0469585220543276,0.128115814059551,0.31681510165486,0.657146214529895,1,0.232698173777775,0.0582241103706072,0.123824263014474,-0.00799502065379798,0.0528044884001173,0.121297767955696,0.165088930480915,0.241712162807731,0.148190547251254,0.283140258477694,0.0944391220922615,0.0780705173964239,0.206826265457972,0.0711873087863246,0.0615841850922826,0.0192281410565542,0.0872098388876905,0.104354508496228,0.788298715576754,0.13743468492964,-0.000904215663136099,0.293564416382625,0.0145650155904196,-0.0111902326313233,0.156140521033388,0.0245855144609781,0.0324687771833269,0.208194364192901,0.0567400893322785,-0.01739800305297,0.103451454607081,0.0354686220569043,0.0457146147693538,0.0123027093103768,0.0413969438390216,0.0229060398137431,0.00490998009398407,0.149108882924562,0.562231050220104,0.300695591757644,0.412483784410467,0.49459415907566,0.493644941972671,0.0421413762284165,0.163662971248495,0.169281305387711,0.601033750366909,0.25762374582583,0.0509212739272642,0.109192032626139,0.597464684764908,0.215251604899515,-0.00943352559022901,-0.00283362649776558,-0.00105451810153188,0.0175591700902677,0.169607727304535,-0.00738008520504102,0.0182443092324102,0.090585461408555,-0.00398358298897525,0.135339271544578,0.0022238276175238,0.506996772183745,0.333827071079842,0.125262336348988,0.457811691807574,0.284962393348343,0.270365417943308,0.676539138894428,0.340813684050162,0.577544386860013,0.322027826411167,0.0668897151260728,0.314794588297149,0.404539138847927,0.476343530824457,0.389283763503339,0.354669410553008,0,0.0657712868418946,0.0221418468066479,0.107371738363334,0.340553085939016,0.171041098668134,0.489419819945965,0.725988378435793,0.0609775743181978,0.056617139085525,0.396114808556421,0.441401722529395,0.480196527053072,0.748003815744799,0.298463172522592,0.0445964619602639,-0.0131496708258847,0.081934318660283,0.101173267388764,0.8054237265601,0.158516904998664,0.102393679356914,0.00765328336557851,0.0396293010012164,0.0704723025831059,0.0625829121543924
0.342865228489559,0.638291643653729,0.618464224387558,0.250501313379367,0.232698173777775,1,0.429061413244985,0.493230653277993,-0.00560497427698819,0.464407064944555,0.290667900025339,0.0960436630545543,0.0455569560667088,0.320073803953889,0.476420996929271,0.328891160501602,0.312731946555259,0.153522481559866,0.373534823075472,0.0276750243085231,0.01696265537223,0.425268281482883,0.164450069675907,0.152640876251861,0.235681469775831,0.388621217318369,0.708970331550945,0.107690271846988,-0.0112045520667608,0.222746189339505,0.166609262785388,0.26713040267618,0.396781409223455,0.160141987544328,0.188624460118316,0.250138247181079,0.536094198377871,0.614000500320339,0.31142998656574,0.601144656301631,0.0688640688201444,0.012909079951587,0.534489247556725,0.301952984390539,0.138109830841721,0.384838915012911,0.172515114872303,0.0765310682042716,0.275611872790745,0.257689068480331,0.139676718551715,0.479178847213934,0.550246101297677,0.597937245466992,0.280172339893827,0.030672943876623,0.000173440346210469,-0.0141100219450904,0.276921941685819,0.273975264951378,0.0809080642033213,0.00857726917838646,0.0368181732840173,0.0147856650997264,0.280690141420564,-0.00555550684351133,0.243664722117131,0.443162780510758,0.0895902144739534,0.179223375834286,0.0471035641861398,0.0222843583089823,0.23612823531966,0.259513311346432,0.184487147011585,0.276457844258635,0.00653733467196218,0.191758201846179,-0.0233713124707321,0.575388877983947,0.543462322779279,0.240476155228677,0.430440647778054,0.383925714740806,0,0.0159600912169765,0.0294492670193819,0.0365199255918571,0.664320622337893,0.704212096832029,0.538341526966165,0.16440716833324,0.578609331111949,0.645708968907424,0.259666473138068,0.335031893463792,0.350935111130609,0.370318765513867,0.635140933288152,0.139307661787697,0.0043217722678525,0.721162283925728,0.380189144232136,0.160904288465653,0.539678377193817,0.634404688997376,0.309474559713624,0.493536608176573,0.191506927932638,0.0843814422513447
0.286802817503571,0.547171717139794,0.441423495648822,0.0448916936157,0.0582241103706072,0.429061413244985,1,0.783843042361355,0.000978469939397924,0.696784580832748,0.121368976705285,0.0413360946967787,0.0102546611742312,0.465840320704873,0.0576855078493677,0.0292749843225521,-0.0021205053230662,-0.00232042814536551,0.389399338644306,0.0165973633643881,0.0130108996335301,0.26773160361057,0.245295908067101,0.00923512320238154,-0.000654061475592893,0.328340042520691,0.514247179663924,-0.00308123643503943,-0.00224758131809783,0.161227498074089,-0.000995404667224918,0.387966833869315,0.00383960431527358,-0.00124407168406427,0.119437818236141,0.267891805276353,0.387180334139895,0.546572149480538,0.280100869002778,0.532779992049796,0.0427407588029561,0.0237765313740194,0.406175949441156,0.133261412788697,0.0489497208598451,0.138765280755535,0.0142879510479569,0.00432789682331183,0.47687824688764,0.0998436654048929,0.0624385593506296,0.0836629267257336,0.360483776983488,0.397046758586792,0.0805119941593966,0.00276393323525774,-0.00234412670040134,-0.00410178220220365,0.0968025690374006,0.102795081290469,0.0694713730047168,-0.00567453698801588,0.0134426990702463,-0.00555095448562194,0.182097294623894,-0.00322381785269469,-0.00112650520158967,0.245586399305816,0.0339833443751816,0.0697007377905536,0.00916924657882295,-0.00399228609836613,0.0807001823552607,0.0517712828784775,0.0295970409092957,0.0855693387730023,-0.00614769299644026,0.116811962293048,-0.00663063317796349,0.480655671820452,0.224287518407382,0.0569392824724708,0.0738960494837039,0.0799105956861064,0,0.0186982933140085,0.0700803854397079,0.0362893817464176,0.624140913891344,0.627908825729653,0.353685249931474,0.0884262347281913,0.568255085685294,0.567704308180971,0.239642972945521,0.125766060899552,0.140480228718472,0.0546162190234164,0.467690419561337,0.198712628802656,0.0216689999715136,0.662120399616715,0.495882645207167,0.0195666700897078,0.641799995081714,0.737591414291787,0.157946107259929,0.441796287671259,0.0881315740285645,0.128086561713362
0.100373566689408,0.571398587815917,0.509446929394509,0.168851303757343,0.123824263014474,0.493230653277993,0.783843042361355,1,-0.00415025169080568,0.587364556001746,0.24255673410088,0.0954083758172473,0.0411656553150985,0.488765614618603,0.421637947520522,0.314326831789666,0.313335750882858,0.100371572572417,0.38335635238851,0.0250007008285274,0.0240655155020083,0.471892654377032,0.20644446595768,0.0290088945109224,0.234528253516716,0.182617719335368,0.610347651988151,0.120611706478947,-0.00284760319680246,0.200809712577445,0.294739294333011,0.283956546463824,0.294970259518084,0.233843851346309,-0.00457593235985881,0.392009215301319,0.251880956675267,0.415479267163148,0.159658902887627,0.3970130568596,0.0286303750700774,0.0244491293228539,0.569230832281563,0.245803703021857,0.0858978665684094,0.335611970073914,0.0843115058613529,0.0212279637553998,0.41398474004599,0.293166098515255,0.137997806979741,0.385361574767388,0.299629019432494,0.353389889606355,0.158829982872469,0.0208839169183813,0.0085918200539918,-0.00519680779401914,0.00723808516636657,0.00992940544028325,0.0657244650171441,0.000643738832300223,0.014688766808573,-0.0070328559911415,0.337050421720163,0.00793829987230424,0.215646874753145,0.127621791263383,0.0667822455584045,0.144256104261101,0.0403593190902397,0.0149514970058139,0.128257194772798,0.0775315686037799,0.0967169602578277,0.135158799907264,-5.83461245091073e-05,0.00414892234012904,-0.00840076934363065,0.39404495228539,0.24068683009948,0.0910306597203659,0.266945127716568,0.185845247184065,0,0.0152924849545799,0.0586390748147288,0.034470324045729,0.551223832763097,0.515476809195798,0.350780646659961,0.0726478348245112,0.384247446272778,0.394965506204491,0.1256501345126,0.172561154887205,0.196642314279269,0.225168623784458,0.463372925148504,0.179142573184851,0.0144270578145636,0.583714875793205,0.501042508238059,0.0501033827894078,0.75422855535472,0.696436481522905,0.132284343199884,0.269693668906432,0.0831185404551473,0.147464404341339
0.171682169072193,0.0797973320548413,0.019691406362783,-0.00798865583736191,-0.00799502065379798,-0.00560497427698819,0.000978469939397924,-0.00415025169080568,1,-0.00455501650049093,-0.0102228143545102,0.0858872596012532,-0.0118973646609764,0.00950960938981536,-0.00683678458809204,-0.00750644603150789,-0.00684667658604415,-0.0141966036796378,-0.0106017654139381,0.0015163131492504,-0.0106507726339944,-0.00988835511284866,-0.011105584845367,-0.00614313968588098,-0.00639981060201455,0.109771095536135,-0.00796007075392612,0.211170047850228,0.393074396113728,0.161056773399675,-0.00321395742542786,0.0530761997745784,-0.00780196333704145,0.226615809962997,-0.00174810858972187,0.199539771584739,8.8400530430956e-05,0.0250485044667087,0.118403641505343,0.000591493963573224,0.380594615653351,0.00232299828199371,-0.0108754478485901,-0.0165498554830436,-0.0174527074221673,-0.018369640110592,-0.0132237671337132,-0.0135209672153435,-0.00839592111558477,-0.00647985068787177,0.0377439590784059,-0.00965302785053939,0.0661094197012002,0.0343474636679578,0.0303616100155083,0.000385572458442008,0.255435812277367,0.0385012193574563,0.00504474544229956,0.0015011297398341,0.00886138216839006,0.00474581834265975,0.136789149447097,0.0132150287082297,0.00473973540704996,0.362681049081495,-0.0074064294362813,-0.00885204699000193,-0.0116347279376066,-0.0134692896104327,-0.0139441237973337,-0.00325476989646733,0.0459732804951237,0.057112922410551,0.012336827357487,0.0377264612891042,-0.0013206929623644,0.0165963352900979,0.0229268931804723,0.0601845572184884,0.0467996200935939,0.0277463240878848,0.0299524254812082,0.0543797602137036,0,0.156282318905675,-0.0058019278188285,0.0167325830184766,-0.000480474140714429,0.00539620847537676,0.0471522950668823,-0.00246760806533631,0.00435296524379831,0.0257843656149146,-0.00774638670382317,0.000345960031754814,0.0494319570014863,-0.0146555730660245,0.0748528824400491,-0.0101424942218527,-0.00905754140357827,0.00545518966250787,0.0209080310020211,-0.0114120953008745,-0.00851138813560523,-0.00244534946368266,-0.0109136484583533,0.0181098313518726,0.0315772243345311,-0.00294742786007455
0.202893622057446,0.479317301210856,0.401388608950185,0.0159294851018806,0.0528044884001173,0.464407064944555,0.696784580832748,0.587364556001746,-0.00455501650049093,1,0.255928101054304,0.0507627162047026,-0.00145844023492824,0.598821989694926,0.0575645949654966,0.0503375025161996,0.23592608259637,0.00187972901946597,0.812805874644609,0.064665415546715,0.0336505203280186,0.447093311321162,0.360039781034828,0.00723538107946705,0.166687575616905,0.231829138054571,0.448974696562673,0.0246644799959828,-0.00509865826824591,0.12690632538412,0.0843188693850598,0.259546311423896,0.0371641330415846,0.105382987731726,0.0791018792807595,0.208489032862208,0.277663781965503,0.408779849127459,0.190271366232702,0.391588690182355,0.0350960423945501,0.0500172325709237,0.540681718037514,0.094050372704105,0.0316035044642818,0.121053797902193,-0.000444025948325969,0.00756395758886784,0.360534294327187,0.0848446885479684,0.119210303807178,0.144044035416736,0.278349597667114,0.305455060585346,0.157437493482463,-0.00776437940464587,-0.00706563829032759,0.00966909145682997,0.10008061799565,0.099212440213931,0.0483495529955498,-0.00621536704746035,0.0323701593597804,0.0181180660959708,0.124187928936302,-0.00555499550435883,0.16131557246718,0.368591618198223,0.0367540829262684,0.113594103179624,0.0188055176504709,-0.00540976724965479,0.104721794037352,0.0648750022713032,0.0108462099466186,0.134492416774521,-0.0123575988236852,0.0655542718984304,-0.00211880775913432,0.330902367135679,0.159466407578689,0.0595410960749312,0.0860322964767572,0.0890448913845027,0,0.0249732230198573,0.282618520488494,0.0965354343770369,0.567024481273276,0.553652580363044,0.267530076301295,0.0602776712781691,0.52065390889616,0.55180258830579,0.164261560745284,0.188685503493434,0.160216483698739,0.0399719191056188,0.418245892661707,0.257446431092411,0.0268731242978189,0.56966233932346,0.36111612510612,0.0100288194815439,0.703623189319884,0.772693564439312,0.360475689091306,0.369910839390231,0.226148620528868,0.0878253906753238
0.0331188978673029,0.177876021347426,0.190345355351609,0.158793301257063,0.121297767955696,0.290667900025339,0.121368976705285,0.24255673410088,-0.0102228143545102,0.255928101054304,1,0.398641336691045,0.327901389086469,0.377413225477815,0.237732727354759,0.166344492975213,0.26236040012812,0.0360967874515433,0.379088635813173,0.505489604817576,0.0354160337335588,0.252932775173158,0.379367541477126,0.0224784151115103,0.206552613463856,0.0548588017393988,0.198669167652426,0.0155709341290758,-0.0110159588838157,0.021543178204697,0.0247491725273778,0.174636177271013,0.143544448096648,0.0331760927522331,-0.0164328610374919,0.154439195423588,0.126691837249482,0.103083737021214,0.0503530768165801,0.101397425100302,0.0192026917102131,0.0284915484561614,0.394729001587553,0.151208529705394,0.0549175339305241,0.151852042134442,0.0572998480936217,0.0424201491645988,0.131712201301092,0.413152244111019,0.388960402504066,0.366237918283832,0.183360236755797,0.272619906196506,0.508833643114817,0.0969667839612671,0.0942283269742546,0.278642335577263,0.352811329533127,0.313275202217699,0.327859193179343,0.157933135306743,0.460375374994588,0.44078847592948,0.42728476803708,0.0865800540459872,0.264681345075988,0.349044467848955,0.0392604970249638,0.108198577486514,0.0266160741276483,0.0254324560089052,0.153629346917249,0.120688168196804,0.0506349079955852,0.0871138372762615,-0.00977060315811864,0.00306153977156608,-0.00823669361184477,0.160594170779328,0.129023102459741,0.0651718124149404,0.211783684641854,0.137380601784851,0,0.0202842876117383,0.19412833906684,0.220366616405464,0.325693385657276,0.356206517116713,0.195234113828462,0.0115735678448009,0.285503871920812,0.370370067273646,0.0141503943890602,0.411033690561435,0.277644229416414,0.137086538328025,0.374003578207261,0.129545999247017,-0.00134849583576587,0.239760506094296,0.306457191607951,0.00613312561955774,0.247164591040847,0.218432905173431,0.466397874534327,0.269658375094518,0.349027709521949,0.286568393802178
0.351769253697323,0.18194043368212,0.102219336103409,0.230450651534947,0.165088930480915,0.0960436630545543,0.0413360946967787,0.0954083758172473,0.0858872596012532,0.0507627162047026,0.398641336691045,1,0.413043000527092,0.272976902276416,0.107808685529163,0.0416466924887609,0.0582039049466115,0.0651749013089999,0.109785417072889,0.447183041165129,0.227591968580891,0.0815148926582228,0.145221649020382,0.0779598272526738,0.102008810799974,0.0237149816363857,0.119983170980249,-0.00335972720394979,-0.00776556055977325,-0.00233934036089526,0.00810550700052987,0.154096681043215,0.0510901427945942,0.0101303842310248,-0.0180373307247217,0.0807383452017717,0.071582268699092,0.0725705658644341,0.0650538912984066,0.0868064109690649,0.225577357049623,0.274262814623439,0.197691905316836,0.22771333728591,0.241294368776193,0.155026937990111,0.133908593155028,0.18083243042549,0.22118630524983,0.369263822177688,0.676926372460105,0.340943287489049,0.137785076916695,0.136318401553964,0.471052583325208,0.170996515854816,0.0814293064377715,0.0439143485526316,0.128873455887809,0.111758409870352,0.292084539892977,0.274242278696267,0.24409222579986,0.172014865947208,0.185266850448709,0.0238297129971222,0.0575073365812279,0.0470132996526018,0.163687468685742,0.202365765120721,0.192883394823697,0.181102876483031,0.265861159826276,0.162058081442329,0.036805373199352,0.191528526971844,0.110787595357206,0.154954634116766,0.353202411054814,0.115810065293287,0.15799292311341,0.150165244627859,0.230477986824406,0.19957992578994,0,0.5980736530371,0.259545286313429,0.370293726625261,0.241131892495088,0.202024512480488,0.168723130515548,0.0402015863923419,0.167098531610726,0.144795289378856,0.157526238962332,0.474730276719459,0.280799787668482,0.0835365078883859,0.253568107234616,0.259482223732306,0.130855480726169,0.175118413393309,0.241835054789204,0.00595048641403283,0.104517364240118,0.079755685027688,0.0537822428689283,0.135868983482705,0.293717342391611,0.302623356881372
-0.00924121409882037,0.0014654597152244,0.0234933621020206,0.414909993612475,0.241712162807731,0.0455569560667088,0.0102546611742312,0.0411656553150985,-0.0118973646609764,-0.00145844023492824,0.327901389086469,0.413043000527092,1,0.143925247633886,0.0915357025041162,0.00602608329115132,0.00846477271103764,0.0519433819397748,0.0111065568905611,0.635972210580017,0.008014905649466,0.00813900102904026,0.0337342999637271,0.193397820448471,0.0473513199301977,0.0120404196602299,0.0567133254234864,0.00124539163979983,-0.00464590587546248,0.0118924499569107,0.00388135037030834,0.155692403867516,0.0420655865340308,0.00485096991266355,0.000806971128224676,0.0691839480459686,0.0376850068862206,0.00332635400227458,0.0957411788217451,-0.00384772894730991,0.0501804643663461,-0.000432914119775794,0.0803650817098613,0.332178298008214,0.213560355146387,0.10250298951599,0.286646298557431,0.380079846989653,0.0267593447240985,0.21031190283702,0.246979589467033,0.239464028404627,0.141524520436195,0.122093458321367,0.315143169187883,0.534879668400482,0.245812045455793,0.0270227247538587,0.11859032321101,0.0951723545949646,0.503136887424241,0.362462082285309,0.234499201806769,0.167681225422894,0.234482655588475,0.00120900744784116,0.00717783845839625,-0.0101429406958767,0.0561210430797511,0.0735612480112932,0.0884323232504625,0.239994928239736,0.216956691855367,0.182332717160607,0.21761827920047,0.063288427876264,0.251029232936686,0.306607950409208,0.00862344546858757,0.17243661458588,0.113867422286841,0.146217117817489,0.193342060782012,0.162766726135881,0,0.00804181259818549,0.0934106770265904,0.165349213489188,0.122105997116991,0.115619462418232,0.294112799451549,0.159421933074605,0.0211617609025036,0.0640864251562857,0.117376760498765,0.281267011976902,0.314277176581741,0.233469876472447,0.111058275145149,0.022783300875769,-0.0124278121462218,0.0544718402806679,0.286830173739087,0.0777074565483891,0.0472834338000277,0.0294707865303277,-0.00648698091347217,0.0428751785933834,0.0814482122748031,0.593966799975637
0.0675753206595045,0.366542500092306,0.351264712002211,0.0872206379831255,0.148190547251254,0.320073803953889,0.465840320704873,0.488765614618603,0.00950960938981536,0.598821989694926,0.377413225477815,0.272976902276416,0.143925247633886,1,0.159316414000968,0.0696951972045756,0.265132955307255,0.0121672182121763,0.55950441550609,0.322106098120562,0.101438342368362,0.370679899717645,0.317317111289125,0.0238653885287425,0.225607682783994,0.128058415990096,0.455959568497387,0.0701174344390577,0.0285532697665162,0.155012356157424,0.102101779589149,0.21197676096208,0.0996914743235073,0.170534802239634,0.00440764074970342,0.438375025688849,0.170306642692459,0.320679490252752,0.166220607413578,0.282158730832645,0.088253108485623,0.0819364620935392,0.541312798193483,0.154933186794409,0.0951660140591941,0.200286267932896,0.0378803886626962,0.00993130085939942,0.287493092190326,0.331703244676201,0.378801524308899,0.337163282898609,0.237437410696002,0.222256093548893,0.354712838356599,0.0621150630962087,0.0296642314904541,-0.000950205075682847,0.0159198193637294,0.0143786287482498,0.152030485572496,-0.00646778214615869,0.0376039995607077,0.0168130291410427,0.182063889191682,0.00580844437246273,0.21444983216768,0.105900825824427,0.171781906739747,0.264081430320314,0.06767189190072,0.068386593166875,0.219623421350031,0.115200262227366,0.0786024561288796,0.199691668537285,0.0313177148004387,0.019821255280444,0.0602580201486842,0.272140964485406,0.1398696370768,0.119683815196201,0.15004105845557,0.146349604275511,0,0.0600350087595416,0.247494686034986,0.225921028118867,0.414458923419572,0.388394876028416,0.274368247919352,0.0697572165294176,0.339035176239233,0.339825227242723,0.178026266962162,0.308043722710659,0.28413140139052,0.0997699518614077,0.339947988334013,0.266477544151791,0.00689195672407187,0.441901086471426,0.475332944641409,0.0252986511049818,0.733894260453416,0.599781519601164,0.168934029757945,0.199982546737218,0.341596802033556,0.331424378858606
0.00911819977706803,0.23615634982292,0.395478332046211,0.375878765242412,0.283140258477694,0.476420996929271,0.0576855078493677,0.421637947520522,-0.00683678458809204,0.0575645949654966,0.237732727354759,0.107808685529163,0.0915357025041162,0.159316414000968,1,0.597810277387237,0.501961917382754,0.369758069372626,0.0851793864332408,0.0258574008890176,0.0308769173631894,0.429783777537774,0.000493280892159887,0.190310675564952,0.456069028904214,0.0131960524180952,0.514613459816898,0.208566622222227,-0.0046909081904672,0.209982143624585,0.317869466835121,0.0468731365006487,0.79307734443581,0.293606855995072,-0.00753801604450677,0.270378537288664,0.060277405727133,0.11566920581075,0.0150921438404813,0.116430319572799,-0.00225360985639839,0.00815066697536724,0.364988159809179,0.458974239926055,0.19379579259053,0.605016699112763,0.314342986324145,0.0977532737948086,0.153591950908601,0.504443067231806,0.219631512788474,0.712745539050063,0.222631459434863,0.144214145937182,0.288216238840127,0.0624034614292154,0.0166162881061587,-0.00856079536384199,-0.0101611836168343,-0.0092838035423842,0.02743677621502,0.00725892397870756,-0.00165849132507211,-0.0115853507287345,0.304598686803215,0.00607010076278842,0.242932482072488,-0.00144360972911039,0.207456794606658,0.307379221211951,0.128645524461628,0.118471100780596,0.18531605276978,0.147995889435537,0.261440043551665,0.221998422291894,0.0586678971878087,0.00620528716753088,0.00827081611642421,0.265725622039177,0.426610229742797,0.355567099540564,0.480189011641648,0.389058063093026,0,0.0194715664697313,0.019158262201114,0.0679280158635805,0.244152345725011,0.156339834095539,0.33219474353006,0.0971139419189365,0.0708000722022585,0.0515494683418979,0.0263458444361907,0.226706724522582,0.246175223819296,0.516400951796271,0.259794697096322,0.137007351807624,0.0168353811580893,0.188767058151838,0.173159518531493,0.228825340828613,0.337646716402567,0.211537243097497,-0.00284570866146383,0.0235767581728516,0.0426104258605087,0.0804724960642929
0.0075854713271241,0.230749544000788,0.302399878068286,0.142334130834437,0.0944391220922615,0.328891160501602,0.0292749843225521,0.314326831789666,-0.00750644603150789,0.0503375025161996,0.166344492975213,0.0416466924887609,0.00602608329115132,0.0696951972045756,0.597810277387237,1,0.767388691635107,0.269181207023139,0.15513543561515,0.00289684454883062,0.0352895258382692,0.554558080630478,0.0694186540394243,0.0566925205615638,0.357544531851291,-0.00179229022462092,0.298785240200483,0.190778568457811,-0.00515038154512444,0.103808529219339,0.432471088501672,-0.000786237783537682,0.59911976801477,0.247706457105859,-0.00827636294425381,0.154170546094744,0.0122114907015255,0.0661707644038427,-0.00461781388349416,0.102371310820652,-0.00344119206781548,0.019967301447453,0.375506079699692,0.150950304142143,0.062986559998035,0.372744370174701,0.124152827635814,0.0273587894411456,0.190885543225098,0.174083499613726,0.0741189373740435,0.363974778190856,0.142627606995812,0.0986618816629759,0.163600878597916,0.00809419072808736,0.00437350380634477,-0.00939932325751341,-0.0108945330551006,-0.0103591000425342,0.000544139562532927,-0.005769116630865,0.00121764323841542,-0.0102074894074185,0.154941480130469,0.0173486337923379,0.435735173353783,0.00425080316615736,0.0514598534907064,0.113944556533658,0.0475899101705424,0.0189613367408154,0.109328021522153,0.0887146365366016,0.0905059528933019,0.126106083190112,-0.00806354038287271,-0.0149194137109723,-0.0151942403495216,0.114064612386018,0.249695800636867,0.119658852479444,0.320078173491103,0.233796236275637,0,-0.00302777094459096,0.0150716218774909,-0.0089142599655929,0.14698396607962,0.119991352272744,0.127938224315603,0.0159163735339379,0.0533451522729044,0.0437468999316429,-0.0033495237436575,0.119585188288442,0.109326602510979,0.262503877425986,0.19472569607575,0.0348877625823636,0.0371971522350249,0.132497928945586,0.0480056949507057,0.0742610479950593,0.215912346266964,0.131095000155576,0.0399652038834601,0.00887753056542635,0.162223417598203,0.00170801037624225
0.0120076474671141,0.330552161211019,0.376200521246933,0.0992157905864773,0.0780705173964239,0.312731946555259,-0.0021205053230662,0.313335750882858,-0.00684667658604415,0.23592608259637,0.26236040012812,0.0582039049466115,0.00846477271103764,0.265132955307255,0.501961917382754,0.767388691635107,1,0.166506187761343,0.416782380744601,0.0360054102858365,0.0420992174250725,0.686921307264795,0.202998771611045,0.0219156988925404,0.447470030342454,-0.00151803741930214,0.308134881685804,0.199925921471869,-0.00469769536558082,0.0689859124439741,0.340108088073297,-0.000966384529763441,0.495317295443577,0.328651494837691,-0.00754892263931227,0.153209255366663,0.0149678975622066,0.0724566201515589,-0.00512539961438397,0.077663063271405,0.00703274759223,0.0387244181237482,0.571064750036039,0.111418720807065,0.0349931453115205,0.282481352988346,0.065846794889333,0.0168648880742622,0.12796317948215,0.174487125668162,0.133010305079301,0.374823881818742,0.13612609594293,0.0908036005415095,0.194050176477123,0.00600614248495108,0.00645245288025204,-0.00857318179625276,-0.00942687356628308,-0.00987734799243944,0.000145892861280644,-0.00639700721074236,0.0111919436230318,-0.00556661092523448,0.140726334487845,0.0195432297542124,0.686215440822706,0.00268165538993983,0.0448680053300096,0.141966764710171,0.0572485087209781,0.0253089313814894,0.131854351999035,0.0866170705740784,0.0447592237236056,0.14099458545429,-0.00514558254520811,-0.0114379494203415,0.00231546884934275,0.0835443776860626,0.163711792192042,0.0875508646577905,0.253046878100133,0.185249233239269,0,0.0175655705415291,0.0406308200522008,0.00423194737446385,0.165301101401837,0.119946544322906,0.0955261731280636,-0.00276475143360731,0.0718526365514663,0.0605273909132147,-0.00562056194335394,0.14817941077111,0.14362677178561,0.195470424907807,0.215102451525088,0.0688445685973342,0.0281837319004178,0.140743851460703,0.0479704864942118,0.0223785215760483,0.355316360615748,0.287384599415818,0.101914756246921,0.0232464126082959,0.349839203076799,0.0138263735605568
-0.00508809502519841,0.0627385816084878,0.138046346377101,0.309767673798484,0.206826265457972,0.153522481559866,-0.00232042814536551,0.100371572572417,-0.0141966036796378,0.00187972901946597,0.0360967874515433,0.0651749013089999,0.0519433819397748,0.0121672182121763,0.369758069372626,0.269181207023139,0.166506187761343,1,0.0626872137124019,-0.0142210044431683,0.427221201661989,0.308791002784596,-0.0144292138371917,0.267938209982747,0.140021134766247,-0.0148258348781076,0.27545374294293,0.0475069577192056,-0.00952967173103954,0.0839115069500727,0.179577226118261,-0.0079056384116855,0.303905995107162,0.0803758161047011,-0.0156527128997168,0.0618093909458054,-0.00868050059151903,0.0235300944225707,-0.00172349156862182,0.0829830199469815,-0.019645076680946,0.305439745688184,0.0852372035610199,0.53819348316463,0.668812046995099,0.762518987134343,0.649811473810654,0.418906254015553,0.198359754130805,0.0853467384265109,0.0458148789624092,0.334368753208941,0.0815271918230322,0.0181105397899441,0.082251784105864,0.101769854044268,0.000848729180934394,-0.0177765172204822,-0.0219288454990254,-0.020336564768993,-0.0122508887776008,0.296276061820895,0.00825634113736374,-0.0226123249731566,0.048463657476552,-0.00967078544070946,0.0736516284913114,-0.0136179022728612,0.303091881773885,0.381137896701144,0.672745216699803,0.564963374067969,0.276414149656698,0.194295209186724,0.185408247539824,0.269204003387641,0.354067051838323,0.166226150043571,0.148968029014989,0.0990178139711953,0.352244930701052,0.498163476218011,0.396422111076843,0.374820091664935,0,0.0190116169340188,0.00269395394151948,0.0473399863924544,0.128849666706236,0.0453204649408303,0.123642880190956,0.117716424588506,0.0464390338122766,-0.00655872823485148,0.190259769679126,0.134754094696437,0.153056726642903,0.29446119269252,0.0981468272052476,0.244068643288456,0.359258639497878,0.0832131988901338,0.0113958432413983,0.208083557231462,0.113944157056696,0.0386130963250751,-0.0011115904439045,-0.00478647505872409,0.0209269634825381,-0.00776193034267081
0.0720034064183057,0.335104358231493,0.330471540661242,0.0219092867415525,0.0711873087863246,0.373534823075472,0.389399338644306,0.38335635238851,-0.0106017654139381,0.812805874644609,0.379088635813173,0.109785417072889,0.0111065568905611,0.55950441550609,0.0851793864332408,0.15513543561515,0.416782380744601,0.0626872137124019,1,0.107651301581137,0.130995660955099,0.588072850960672,0.504312289577669,0.014020561367302,0.212331105167647,0.0828604331307804,0.336996168607558,0.0219964109881804,-0.00807807485268585,0.0787962550313067,0.0757803962023508,0.124589660503813,0.0756329667589729,0.116351363353058,-0.00450868252501,0.160677415532541,0.120546666051506,0.199570285093967,0.0670564221140232,0.201726489175744,0.0215044234857464,0.0904084466146406,0.606013351558896,0.0821923934612891,0.0390207428582838,0.155613711833589,0.00601512927470951,0.011829791257266,0.242626950102499,0.116364347662584,0.171446797257637,0.225314076172607,0.164403444214744,0.162176052891842,0.239647872585625,-0.00569446933804369,-0.0089277268159225,0.0505173345061168,0.0531471497908924,0.0415934557927994,0.0314825664432724,0.00346676265265802,0.064082376636498,0.0741409424511137,0.0877555622699022,-0.00616575852040346,0.399986636899105,0.358635140102883,0.0599617160666116,0.17379903976076,0.0453192418017185,0.00852429390776309,0.13143205932743,0.0761547029786584,0.00891250290609664,0.154930676870856,-0.012178689725656,-0.00896961870591909,0.0141724210639952,0.155035102313172,0.0907381645021821,0.0614185762071869,0.113608229688514,0.0969877043503842,0,0.0423925904577446,0.219709017958051,0.113527727284181,0.465947872870796,0.426271683848109,0.154318874542556,0.0250185317781706,0.431986799286441,0.430938668237862,0.0639172811254385,0.235279484872625,0.188137314432674,0.039773761691539,0.339941680379437,0.273705379637781,0.0325865120267657,0.419774297922382,0.250142237133688,0.00288435744898096,0.582905711223959,0.590202992037998,0.522674522121901,0.217829333137587,0.405375329908283,0.0729561673142613
